580,160
580,16397
580,227
580,157
580,13047
580,13012
580,9669
580,5836
580,3804
580,2227
580,1011
580,970
580,14936
580,13001
580,154
580,11485
580,7682
580,3810
580,2231
580,1013
580,225
580,14931
580,13048
580,216
580,11482
580,7685
580,3814
580,2237
580,2187
580,425
580,14915
580,5878
580,156
580,16396
580,12992
580,5886
580,3809
580,2232
580,1020
580,253
580,13046
580,9713
580,207
580,137
580,16393
580,16389
580,16386
580,2182
580,971
580,398
580,394
580,392
580,387
580,237
580,98
580,5827
580,14945
580,41
580,10
580,118
580,1137
580,9
559,108
585,127
559,120
585,121
559,115
585,114
585,113
559,109
585,248
559,235
585,111
559,107
585,204
585,203
559,195
585,202
559,194
559,127
585,194
559,123
585,197
559,125
585,198
559,126
583,4
585,105
559,101
586,41
0,435
0,232
586,54
586,53
586,52
586,51
586,50
586,49
586,48
586,39
586,47
586,46
586,45
586,44
0,497
0,495
0,243
0,494
0,454
586,43
586,37
586,1
586,42
586,0
0,493
0,492
0,491
0,490
0,231
0,403
586,34
586,32
586,31
0,401
586,27
0,399
586,23
0,394
0,393
586,19
586,17
0,391
586,15
586,28
586,18
586,13
586,20
586,30
586,12
586,26
586,2
0,1
0,389
0,408
0,0
586,11
586,10
586,36
586,40
586,7
586,5
586,35
586,4
586,8
0,230
574,4
582,3
583,3
586,25
586,3
586,16
586,21
586,14
586,9
586,38
0,229
0,228
0,227
0,226
0,474
0,507
0,225
575,3
585,2097
585,641
585,214
585,1282
585,813
585,1286
585,1280
585,489
585,507
585,1281
585,772
585,490
585,473
585,1290
585,1283
585,1301
585,464
585,469
585,144
585,49
585,9
585,1736
585,466
585,135
585,6
585,577
585,576
585,611
585,609
585,590
585,592
585,622
585,610
585,593
585,623
585,589
585,628
585,1565
585,58
585,467
585,463
585,142
585,143
585,48
585,4
585,92
585,91
585,90
585,89
585,88
585,87
585,86
585,85
585,84
585,83
585,82
585,81
585,80
585,79
585,78
585,77
585,76
585,75
585,74
585,73
585,72
585,71
585,70
585,69
585,68
585,67
585,66
585,65
585,64
585,45
585,43
585,42
585,41
585,40
585,39
585,38
585,37
585,36
585,35
585,34
585,33
585,30
585,29
585,28
585,27
585,26
585,25
585,24
585,23
585,22
585,21
585,20
585,19
585,18
585,17
585,16
585,15
585,14
585,13
585,12
585,11
585,815
585,3
586,33
586,29
586,24
586,22
586,6
574,5
574,3
471,271
471,268
471,266
471,263
471,260
471,258
471,256
471,252
471,249
471,247
471,244
471,241
471,239
471,236
471,233
471,230
471,228
471,225
471,222
471,220
471,217
471,214
471,211
471,209
471,206
471,203
471,201
471,198
471,195
471,192
471,190
471,187
471,184
471,182
471,179
471,176
471,174
471,171
471,168
471,165
471,163
471,160
471,157
471,155
471,152
471,149
471,146
471,144
471,141
471,138
471,136
471,133
471,130
471,127
471,125
471,122
471,119
471,117
471,114
471,111
471,109
471,106
471,103
471,100
471,98
471,95
471,92
471,90
471,87
471,84
471,82
471,81
471,80
471,79
471,78
471,77
471,76
471,75
471,74
471,73
471,72
471,71
471,70
471,69
471,68
471,67
471,66
471,65
471,64
471,37
471,36
471,35
471,34
471,33
471,32
471,31
471,30
471,29
471,28
471,27
471,26
471,25
471,24
471,23
471,22
471,21
471,20
471,19
471,18
471,17
471,16
471,15
471,14
471,13
471,12
471,11
471,10
471,9
471,8
471,7
471,6
471,3
471,54
471,48
471,43
471,52
471,44
471,41
471,50
471,47
471,40
471,4
471,126
471,121
471,124
471,91
471,104
471,101
471,112
471,97
471,105
471,88
471,118
471,116
471,93
471,120
471,96
471,86
471,123
471,113
471,99
471,108
471,85
471,107
471,94
471,89
471,110
471,102
471,83
471,115
471,270
471,269
471,267
471,265
471,264
471,262
471,261
471,259
471,257
471,255
471,254
471,253
471,251
471,250
471,248
471,246
471,245
471,243
471,242
471,240
471,238
471,237
471,235
471,234
471,232
471,231
471,229
471,227
471,226
471,224
471,223
471,221
471,219
471,218
471,216
471,215
471,213
471,212
471,210
471,208
471,207
471,205
471,204
471,202
471,200
471,199
471,197
471,196
471,194
471,193
471,191
471,189
471,188
471,186
471,185
471,183
471,181
471,180
471,178
471,177
471,175
471,173
471,172
471,170
471,169
471,167
471,166
471,164
471,162
471,161
471,159
471,158
471,156
471,154
471,153
471,151
471,150
471,148
471,147
471,145
471,143
471,142
471,140
471,139
471,137
471,135
471,134
471,132
471,131
471,129
471,128
580,40
580,13
580,1
580,1101
580,3
541,58
541,57
541,56
541,55
541,54
541,53
541,52
541,51
541,50
541,49
541,48
541,47
541,46
541,45
541,44
541,43
541,42
541,41
541,40
541,39
541,38
541,37
541,36
541,35
541,2
541,0
563,5
563,66
563,143
563,414
563,230
563,3
0,8
0,272
0,271
0,224
0,11
563,1978
563,1977
563,1976
563,1975
563,1974
563,1973
563,1972
563,1971
563,1970
563,1969
563,1968
563,1967
563,1966
563,1965
563,1984
563,1964
563,1963
563,1962
563,1961
563,1960
563,1959
563,1958
563,1957
563,1956
563,1955
563,1954
563,1953
563,1952
563,1951
563,1950
563,1949
563,1948
563,1947
563,1946
563,1945
563,1944
563,1943
563,1942
563,1941
563,1940
563,1939
563,1938
563,1937
563,1936
563,1935
563,1934
563,1933
563,1932
563,1931
563,1930
563,1929
563,1928
563,1927
563,1926
563,1925
563,1924
563,1923
563,1922
563,1921
563,1919
563,1918
563,1917
563,1916
563,1915
563,1914
563,1913
563,1912
563,1911
563,1910
563,1909
563,1920
563,1908
563,1907
563,1906
563,1905
563,1904
563,1903
563,1902
563,1901
563,1900
563,1899
563,1898
563,1897
563,1896
563,1895
563,1894
563,1893
563,1892
563,1891
563,1890
563,1889
563,1888
563,1887
563,1886
563,1885
563,1884
563,1883
563,1882
563,1881
563,1880
563,1879
563,1878
563,1877
563,1876
563,1875
563,1874
563,1873
563,1872
563,1871
563,1870
563,1869
563,1868
563,1867
563,1866
563,1865
563,1864
563,1863
563,1862
563,1861
563,1860
563,1
563,1859
563,1858
563,1857
563,2
563,1856
563,1802
563,0
563,1801
563,1800
563,1799
563,1798
563,1797
563,1796
563,1795
563,1794
563,1793
563,1792
563,255
563,254
563,253
563,252
563,251
563,250
563,249
563,248
563,247
563,246
563,245
563,244
563,243
563,242
563,241
563,240
563,233
563,239
563,238
563,237
563,236
563,235
563,234
563,1725
563,1724
563,1722
563,1721
563,1719
563,1717
563,1716
563,1714
563,1713
563,1711
563,1709
563,1708
563,1706
563,1705
563,1703
563,1702
563,1700
563,1698
563,1697
563,1695
563,1694
563,1692
563,1690
563,1689
563,1687
563,1686
563,1684
563,1683
563,1681
563,1679
563,1678
563,1676
563,1675
563,1673
563,1671
563,1670
563,1668
563,1667
563,1665
563,1662
563,1660
563,1659
563,1657
563,1656
563,1654
563,1652
563,1651
563,1649
563,1648
563,1646
563,1645
563,1643
563,1641
563,1640
563,1638
563,1637
563,1635
563,1633
563,1632
563,1630
563,1629
563,1627
563,1625
563,1624
563,1622
563,1621
563,1619
563,1618
563,1616
563,1614
563,1613
563,1611
563,1610
563,1608
563,1606
563,1605
563,1603
563,1602
563,1600
563,1597
563,1595
563,1594
563,1592
563,1591
563,1589
563,1587
563,1586
563,1584
563,1583
563,1581
563,1580
563,1578
563,1576
563,1575
563,1573
563,1572
563,1570
563,1568
563,1567
563,1565
563,1564
563,1562
563,1560
563,1559
563,1557
563,1556
563,1554
563,1553
563,1551
563,1549
563,1548
563,1546
563,1545
563,1543
563,1541
563,1540
563,1538
563,1537
563,1534
563,1532
563,1530
563,1529
563,1527
563,1526
563,1524
563,1522
563,1521
563,1519
563,1518
563,1516
563,1515
563,1513
563,1511
563,1510
563,1508
563,1507
563,1505
563,1503
563,1502
563,1500
563,1499
563,1497
563,1496
563,1494
563,1492
563,1491
563,1489
563,1488
563,1486
563,1484
563,1483
563,1481
563,1480
563,1478
563,1476
563,1475
563,1473
563,1470
563,1469
563,1467
563,1465
563,1464
563,1462
563,1461
563,1459
563,1457
563,1456
563,1454
563,1453
563,1451
563,1450
563,1448
563,1446
563,1445
563,1443
563,1442
563,1440
563,1438
563,1437
563,1435
563,1434
563,1432
563,1431
563,1429
563,1427
563,1426
563,1424
563,1423
563,1421
563,1419
563,1418
563,1416
563,1415
563,1413
563,1411
563,1410
563,1408
563,1405
563,1404
563,1402
563,1400
563,1399
563,1397
563,1396
563,1394
563,1392
563,1391
563,1389
563,1388
563,1386
563,1385
563,1383
563,1381
563,1380
563,1378
563,1377
563,1375
563,1373
563,1372
563,1370
563,1369
563,1367
563,1366
563,1364
563,1362
563,1361
563,1359
563,1358
563,1356
563,1354
563,1353
563,1351
563,1350
563,1348
563,1346
563,1345
563,1342
563,1340
563,1339
563,1337
563,1335
563,1334
563,1332
563,1331
563,1329
563,1327
563,1326
563,1324
563,1323
563,1321
563,1320
563,1318
563,1316
563,1315
563,1313
563,1312
563,1310
563,1308
563,1307
563,1305
563,1304
563,1302
563,1301
563,1299
563,1297
563,1296
563,1294
563,1293
563,1291
563,1289
563,1288
563,1286
563,1285
563,1283
563,1282
563,1278
563,1277
563,1275
563,1274
563,1272
563,1270
563,1269
563,1267
563,1266
563,1264
563,1262
563,1261
563,1259
563,1258
563,1256
563,1255
563,1253
563,1251
563,1250
563,1248
563,1247
563,1245
563,1243
563,1242
563,1240
563,1239
563,1237
563,1236
563,1234
563,1232
563,1231
563,1229
563,1228
563,1226
563,1224
563,1223
563,1221
563,1220
563,1218
563,1217
563,1149
563,1148
563,1146
563,1145
563,1143
563,1141
563,1140
563,1138
563,1137
563,1135
563,1133
563,1132
563,1130
563,1129
563,1127
563,1126
563,1124
563,1122
563,1121
563,1119
563,1118
563,1116
563,1114
563,1113
563,1111
563,1110
563,1108
563,1107
563,1105
563,1103
563,1102
563,1100
563,1099
563,1097
563,1095
563,1094
563,1092
563,1091
563,1089
563,1086
563,1084
563,1083
563,1081
563,1080
563,1078
563,1076
563,1075
563,1073
563,1072
563,1070
563,1069
563,1067
563,1065
563,1064
563,1062
563,1061
563,1059
563,1057
563,1056
563,1054
563,1053
563,1051
563,1049
563,1048
563,1046
563,1045
563,1043
563,1042
563,1040
563,1038
563,1037
563,1035
563,1034
563,1032
563,1030
563,1029
563,1027
563,1026
563,1024
563,1021
563,1019
563,1018
563,1016
563,1015
563,1013
563,1011
563,1010
563,1008
563,1007
563,1005
563,1004
563,1002
563,1000
563,999
563,997
563,996
563,994
563,992
563,991
563,989
563,988
563,986
563,984
563,983
563,981
563,980
563,978
563,977
563,975
563,973
563,972
563,970
563,969
563,967
563,965
563,964
563,962
563,961
563,801
563,799
563,798
563,796
563,795
563,793
563,792
563,790
563,788
563,787
563,785
563,784
563,782
563,780
563,779
563,777
563,776
563,774
563,773
563,771
563,769
563,766
563,765
563,763
563,761
563,760
563,758
563,757
563,755
563,753
563,752
563,750
563,749
563,747
563,746
563,744
563,742
563,741
563,739
563,738
563,736
563,734
563,733
563,731
563,730
563,728
563,727
563,725
563,723
563,722
563,720
563,719
563,717
563,715
563,714
563,712
563,711
563,709
563,708
563,706
563,704
563,701
563,700
563,698
563,696
563,695
563,693
563,692
563,690
563,689
563,687
563,685
563,684
563,682
563,681
563,679
563,677
563,676
563,674
563,673
563,671
563,669
563,668
563,666
563,665
563,663
563,662
563,660
563,658
563,657
563,655
563,654
563,652
563,650
563,649
563,647
563,646
563,644
563,643
563,641
563,638
563,636
563,635
563,633
563,631
563,630
563,628
563,627
563,625
563,624
563,622
563,620
563,619
563,617
563,616
563,614
563,612
563,611
563,609
563,608
563,606
563,604
563,603
563,601
563,600
563,598
563,597
563,595
563,593
563,592
563,590
563,589
563,587
563,585
563,584
563,582
563,581
563,579
563,578
563,574
563,573
563,571
563,570
563,568
563,566
563,565
563,563
563,562
563,560
563,559
563,557
563,555
563,554
563,552
563,551
563,549
563,547
563,546
563,544
563,543
563,541
563,539
563,538
563,536
563,535
563,533
563,532
563,530
563,528
563,527
563,525
563,524
563,522
563,520
563,519
563,517
563,516
563,514
563,513
563,445
563,444
563,442
563,441
563,439
563,437
563,436
563,434
563,433
563,431
563,430
563,428
563,426
563,425
563,423
563,422
563,420
563,418
563,417
563,415
563,412
563,411
563,409
563,407
563,406
563,404
563,403
563,401
563,399
563,398
563,396
563,395
563,393
563,391
563,390
563,388
563,387
563,385
563,382
563,380
563,379
563,377
563,376
563,374
563,372
563,371
563,369
563,368
563,366
563,365
563,363
563,361
563,360
563,358
563,357
563,355
563,353
563,352
563,350
563,349
563,347
563,346
563,344
563,342
563,341
563,339
563,338
563,336
563,334
563,333
563,331
563,330
563,328
563,326
563,325
563,323
563,322
563,320
563,317
563,315
563,314
563,312
563,311
563,309
563,307
563,306
563,304
563,303
563,301
563,300
563,298
563,296
563,295
563,293
563,292
563,290
563,288
563,287
563,285
563,284
563,282
563,281
563,279
563,277
563,276
563,274
563,273
563,271
563,269
563,268
563,266
563,265
563,263
563,262
563,260
563,258
563,257
563,190
563,188
563,186
563,185
563,183
563,182
563,180
563,178
563,177
563,175
563,174
563,172
563,171
563,169
563,167
563,166
563,164
563,163
563,161
563,159
563,158
563,156
563,155
563,153
563,152
563,150
563,148
563,147
563,145
563,144
563,142
563,140
563,139
563,137
563,136
563,134
563,133
563,131
563,129
563,128
580,44
564,5
580,14536
580,14537
580,14531
580,14535
580,14530
580,14532
580,14533
580,14534
580,14529
580,1111
580,1142
580,948
580,927
564,3
564,1
580,1236
580,632
580,631
580,386
580,249
580,241
580,224
580,201
580,120
580,100
580,64
580,48
580,16674
580,47
580,1106
580,1120
580,1125
580,1128
580,1143
580,1148
580,1131
0,221
0,310
580,169
580,235
0,487
0,220
559,205
0,218
0,278
0,498
0,217
0,283
0,483
0,10
0,9
0,486
0,216
580,15198
580,15197
580,15192
580,15205
580,15190
580,1241
580,15196
0,214
0,331
572,46
572,45
572,44
572,22
572,43
572,42
572,41
572,40
572,39
572,27
572,38
572,37
572,36
572,25
572,35
572,34
572,4
572,33
572,32
572,31
0,333
0,322
572,30
572,29
572,28
572,26
572,6
572,24
572,7
572,23
572,5
572,21
572,20
572,19
572,18
572,17
572,16
572,15
572,14
572,13
572,12
572,11
572,10
572,9
572,8
0,213
572,3
572,2
572,1
572,0
0,4
0,413
559,234
559,196
559,193
559,192
559,124
559,121
559,119
559,106
580,625
580,620
580,598
580,707
580,706
580,414
580,399
559,421
559,418
559,412
580,80
580,68
580,65
580,88
580,67
559,71
559,70
580,49
580,30
559,47
559,44
580,17169
580,17014
559,69
559,45
580,17013
580,1242
559,1250
559,425
559,94
559,91
580,16978
580,16828
580,16827
580,17170
580,16813
580,1144
559,1168
559,1160
580,18746
580,18744
580,509
580,175
580,138
580,16105
580,402
580,242
559,424
0,212
0,447
0,211
0,475
0,208
0,468
0,207
0,467
559,1646
580,16106
580,248
580,240
580,223
580,200
580,119
580,99
580,63
580,46
580,15680
580,15706
580,1401
585,1038
585,483
585,1052
585,508
585,1055
585,487
585,1027
585,1296
585,809
585,1292
585,184
585,476
585,904
585,491
585,919
585,926
585,906
585,805
585,828
585,1921
585,824
585,176
585,468
585,631
585,1538
585,1553
0,204
0,489
0,203
0,457
585,2259
585,2258
585,2257
585,2256
585,2255
585,2254
585,2253
585,2252
585,2251
585,2250
585,2249
585,2248
585,2247
585,2246
585,2245
585,2244
585,2243
585,2242
585,2241
585,2240
585,461
585,455
585,451
585,796
585,768
585,1791
585,1790
585,1789
585,1788
585,1787
585,1786
585,1785
585,1784
585,1783
585,1782
585,1781
585,1780
585,1779
585,1778
585,1777
585,1776
585,1775
585,1774
585,1773
585,1772
585,1771
585,795
